bio-diseasome.mtx
{ (71, 1) (93, 1) (186, 1) (188, 1) (256, 1) (314, 1) (354, 1) (357, 1) (457, 1) (493, 1) (511, 1) } weight: 11
bio-celegans.mtx weight: 9
{ (145, 1) (146, 1) (147, 1) (186, 1) (198, 1) (205, 1) (208, 1) (231, 1) (408, 1) }
bio-yeast.mtx
{ (32, 1) (380, 1) (439, 1) (539, 1) (674, 1) (959, 1) } weight: 6
bio-grid-mouse.edges
{ (350, 1) (351, 1) (352, 1) (353, 1) (354, 1) (355, 1) (356, 1) } weight: 7
bio-celegans-dir.edges
{ (2, 1) (4, 1) (5, 1) (15, 1) (51, 1) (57, 1) (58, 1) (97, 1) (131, 1) } weight: 9
bio-yeast-protein-inter.edges
{ (51, 1) (554, 1) (643, 1) (781, 1) (977, 1) (1388, 1) } weight: 6
bio-grid-fruitfly.edges
{ (48, 1) (71, 1) (1215, 1) (2719, 1) (6257, 1) (6655, 1) (6676, 1) } weight: 7
bio-grid-human.edges
{ (141, 1) (142, 1) (212, 1) (321, 1) (458, 1) (555, 1) (596, 1) (2832, 1) (3101, 1) (3245, 1) (3891, 1) (3892, 1) (3893, 1) } weight: 13